State	2000	2001	2002	2003	2004	2005	2006	2007	2008	2009	2010	2011	2012	2013	2014	c.TotalPropertyDamage	c.State.Lower	c.Damage.MM
ALABAMA	53379500	26758500	36757000	1035065500	2599294500	1178219500	16581500	298819250	41885550	47436750	34548100	4375324850	7445050	8394450	38215160	9798125160	alabama	9798.125
ALASKA	10090500	3337100	32545800	21243000	26731600	17006100	63594090	4103060	12171250	31721600	8824500	28855500	24145000	30415600	1471000	316255700	alaska	316.256
ARIZONA	13060000	6667000	73653800	135439100	3059500	8775200	159398500	24409500	48804000	15428750	2860668300	106302500	21699000	154201200	27046500	3658612850	arizona	3658.613
ARKANSAS	536834410	130450530	20267880	58572740	25945790	9983830	60564070	60288300	729784700	1116116850	58087850	518987500	180559100	72299100	266264400	3845007050	arkansas	3845.007
CALIFORNIA	589892300	67917300	150815000	2211704830	54800600	884885750	115472530500	1445937600	252035200	52464600	233083100	123351400	20683400	87660500	126831500	121774593580	california	121774.594
COLORADO	25630000	108620250	92841500	103389500	154600600	8056400	22056000	10071950	166232750	606633900	296553800	173256600	1162432750	1094691750	215290500	4240358250	colorado	4240.358
CONNECTICUT	6731000	7758000	2878000	591000	106000	6600000	2767500	2812000	1683700	2676500	22963600	88783750	7020500	5757500	514000	159643050	connecticut	159.643
DELAWARE	166000	1628000	515000	50583200	2469000	293000	2293000	1078000	1456500	47033500	9644000	1360000	7425000	410000	415000	126769200	delaware	126.769
DISTRICT OF COLUMBIA	1042500	6049000	587500	125643100	1000	50000	10552000	18000	78000	0	95000	2412000	78000	2000	6000	146614100	district of columbia	146.614
FLORIDA	485773650	106534900	42965200	119151250	19327575500	12091221500	82528700	328578260	305161290	94458900	15071100	18320300	128938850	64192000	210238290	33420709690	florida	33420.710
GEORGIA	112735640	17980250	54624600	50902350	110456850	179971850	44291850	217385650	319953750	399360820	31599270	294147700	58540150	151231220	9073410	2052255360	georgia	2052.255
HAWAII	70630000	30000	2788000	10000	80550200	150000	500	0	0	5000	0	15785000	86000	114500	110000	170259200	hawaii	170.259
IDAHO	7872100	234000	4669000	1012500	1049000	6755300	4386900	1002500	13944000	2980800	5915000	10044250	23118600	3430700	8641600	95056250	idaho	95.056
ILLINOIS	22095500	58247700	43047000	207417000	26503500	7912500	71435000	32743000	227142350	382800610	444054300	279021500	20563800	1555482000	255703000	3634168760	illinois	3634.169
INDIANA	90166500	23723350	124454000	172170000	56251200	117261900	41502300	32793600	888675140	52378100	11921200	18352700	24048850	6276600	75335850	1735311290	indiana	1735.311
IOWA	31951920	71368650	42256300	753674500	39412970	33387690	24269050	125273700	1274866150	82681350	257405450	129514760	21355600	112032700	73653300	3073104090	iowa	3073.104
KANSAS	105116450	63732250	103310650	83838120	42253700	97925500	187466750	690178500	133041500	118687850	164808470	43014450	249648200	39914750	30357800	2153294940	kansas	2153.295
KENTUCKY	143647000	37448000	102757900	120378400	75469500	77326700	51355000	24850200	241216750	365495200	32648500	72111750	49870600	15895500	12304600	1422775600	kentucky	1422.776
LOUISIANA	243978850	39318500	660329250	51383250	38991000	52777006500	661248550	19705500	1642758050	780743750	59450600	82364900	810649900	268151300	10336800	58146416700	louisiana	58146.417
MAINE	4208000	609000	800500	454000	667000	8906000	12031000	75590500	35382300	5393500	5606000	2610500	800000	3656500	3687000	160401800	maine	160.402
MARYLAND	6856400	107316500	129599100	596087200	9959750	3670000	38431000	653000	6758000	3101000	3709500	19804000	20843700	444500	5838000	953071650	maryland	953.072
MASSACHUSETTS	677000	39161000	4088000	6820000	3757000	19993500	22620000	3692000	55843750	3137500	173556850	312571500	26188000	30760900	11754000	714621000	massachusetts	714.621
MICHIGAN	49616500	43708700	32094000	209238250	137522000	20024000	13253400	166290500	67918080	55220000	256778000	85810500	39258220	197171500	1880349000	3254252650	michigan	3254.253
MINNESOTA	57860970	408220600	239761900	35254300	20169600	312298900	204997350	229617800	61759600	6589400	115533100	189888500	15602700	112088200	47553200	2057196120	minnesota	2057.196
MISSISSIPPI	11120060	126280900	118341950	348645980	57127350	24872894410	88509600	23280160	329215650	47758200	424101000	1650800700	39111200	609902000	212068580	28959157740	mississippi	28959.158
MISSOURI	127389930	1080015200	114941150	305282730	29614970	12111130	490291840	409997500	254883850	335529600	107144800	3152654850	42927950	95535500	7135500	6565456500	missouri	6565.457
MONTANA	10311700	4445000	6892000	6884000	667000	8856000	9390000	13075000	3683500	2267500	127425400	21457100	2386400	1197600	2751500	221689700	montana	221.690
NEBRASKA	31392700	581472120	110639200	46761400	201573300	117032450	111464600	32623050	87300900	14131500	25361550	45544700	284846000	43829000	109837000	1843809470	nebraska	1843.809
NEVADA	1000000	280700	9049500	2347000	152000	31803000	3233000	6619000	8557300	659600	7580600	6607900	82153800	17693100	13350100	191086600	nevada	191.087
NEW HAMPSHIRE	835000	6235000	918000	3770000	1222500	21346000	18187000	16146000	48885460	1133000	14632100	27280500	5276100	11251500	3765000	180883160	new hampshire	180.883
NEW JERSEY	184369000	2504000	11592000	45008750	88356000	100741000	47503000	133569000	9704750	195407000	202628250	851250850	24996806500	3799750	13775250	26887015100	new jersey	26887.015
NEW MEXICO	1504015000	5483000	7488000	754000	54246000	5745250	23011000	23980600	44453500	9275500	22745450	45647000	34328010	20608300	6051600	1807832210	new mexico	1807.832
NEW YORK	90973000	36857000	36569000	148713000	114157000	118396390	1161648500	88124000	57263250	224748500	89265400	1192887500	26538750	65758000	93322500	3545221790	new york	3545.222
NORTH CAROLINA	11736600	8691000	211736300	503282500	250758000	64550300	13099800	23584000	50913900	30177750	51562450	838219000	46754650	48276450	54504200	2207846900	north carolina	2207.847
NORTH DAKOTA	147586500	321993000	2191600	7931000	10892000	124382000	23660000	109287100	8195000	54680000	84647500	140859200	5379100	12841000	21085000	1075610000	north dakota	1075.610
OHIO	61321000	97678500	195665200	532220000	273536000	207370500	823268600	384566500	1660198000	48933500	197667000	172190500	135795500	74367000	96945350	4961723150	ohio	4961.723
OKLAHOMA	127479670	152682810	308462620	422782260	29119900	86879700	67973640	915470300	834475350	74802500	33987400	45692600	511182200	2022424300	9793000	5643208250	oklahoma	5643.208
OREGON	2413000	5355000	13235000	777000	577900	17071700	79811000	181298000	18655550	1907800	4801000	28419200	30731600	8954000	3358000	397365750	oregon	397.366
PENNSYLVANIA	38486400	68907850	34681000	167386100	484243840	165972000	541454500	47328000	52729000	57153500	47909470	356320720	42771250	24947250	18907750	2149198630	pennsylvania	2149.199
RHODE ISLAND	68000	13795000	189000	685000	630000	2397000	807000	336000	548500	86500	88227000	654000	11864500	1981000	157000	122425500	rhode island	122.426
SOUTH CAROLINA	35400000	13919000	103043000	6792500	67361000	13193000	6924000	16954200	16077880	56269700	14835850	17513750	8821500	18369000	12127900	407602280	south carolina	407.602
SOUTH DAKOTA	27977070	35721000	14055150	19266000	18430500	21857500	27208000	13239000	19940500	65139500	18380500	23726000	6961100	153441500	17439000	482782320	south dakota	482.782
TENNESSEE	7047570	12003660	34325770	339007100	14013120	20228410	165715850	9643300	278381700	131294500	2357713300	2151361900	60861750	92106000	57254000	5730957930	tennessee	5730.958
TEXAS	295969400	5511937800	282388530	245059470	281605500	2434667250	577453600	536713700	15732317700	781227850	257440000	1399229000	2078135710	1410698000	1026154650	32850998160	texas	32850.998
UTAH	3947500	5845500	10719000	6327000	2248100	300393500	17990000	3496000	791200	843500	35887000	84066000	27244000	5766200	7085000	512649500	utah	512.650
VERMONT	5849000	4041000	1959000	2794000	4228000	6094000	3222000	19248500	9854000	2105000	10177000	1352138000	3815500	13455500	7250000	1446230500	vermont	1446.231
VIRGINIA	10362900	26830300	45922700	676894650	103773000	4124000	126580700	5927850	51917960	55443250	17333600	67734500	53825050	7510250	7498700	1261679410	virginia	1261.679
WASHINGTON	11206500	7603000	14510500	41291000	6398600	14494100	171661100	197279500	31778500	123933000	10996000	18817000	27312750	12839030	328164500	1018285080	washington	1018.285
WEST VIRGINIA	13281400	213101000	94355100	86306000	141125000	15146000	13917800	4352000	9652500	51205150	27856100	7657200	102529950	9586250	10305200	800376650	west virginia	800.377
WISCONSIN	183323250	89913250	60002600	2325900	91817300	86876100	713841350	217825900	435853560	37469500	105959240	105821900	11640400	47620600	42074500	2232365350	wisconsin	2232.365
WYOMING	2582000	1870000	31437500	17362000	1425000	6872200	2769900	2647600	868000	9369000	61258400	5572000	5113000	18609000	2199000	169954600	wyoming	169.955